Customer	04. ???-???????	 Creation Date 1/1/1990
Project	????????	Profile Type	
Field	????????	Your Ref	
Structure	2703 c ????.	Job Number	 
Wellhead	2703 ? ????.	Kelly Bushing Elev.	104.94
Profile	???? #2 ?? 16.10.19	Print Date	8/31/2023

MD	Incl.	Azim.	Sub-Sea	TVD	Local N Coord	Local E Coord	Global N Coord	Global E Coord	Dogleg	Vertical Section
(m)	Deg.	Deg.	(m)	(m)	(m)	(m)	(m)	(m)	(dega/30m)	(m)	

150.000   	0.100     	337.540   	45.060    	150.000    	0.100      	-0.113     	5291656.095  	10286162.807 	0.000  	0.09     
160.000   	0.100     	337.540   	55.060    	160.000    	0.116      	-0.119     	5291656.111  	10286162.800 	0.000  	0.09     
170.000   	0.100     	337.540   	65.060    	170.000    	0.132      	-0.126     	5291656.127  	10286162.793 	0.000  	0.09     
180.000   	0.100     	337.540   	75.060    	180.000    	0.148      	-0.133     	5291656.143  	10286162.787 	0.000  	0.10     
190.000   	0.100     	337.540   	85.060    	190.000    	0.164      	-0.139     	5291656.159  	10286162.780 	0.000  	0.10     
200.000   	0.100     	337.540   	95.060    	200.000    	0.181      	-0.146     	5291656.175  	10286162.773 	0.000  	0.10     
210.000   	0.100     	337.540   	105.060   	210.000    	0.197      	-0.153     	5291656.191  	10286162.767 	0.000  	0.10     
220.000   	0.100     	337.540   	115.060   	220.000    	0.213      	-0.159     	5291656.208  	10286162.760 	0.000  	0.11     
230.000   	0.100     	337.540   	125.060   	230.000    	0.229      	-0.166     	5291656.224  	10286162.753 	0.000  	0.11     
240.000   	0.100     	337.540   	135.060   	240.000    	0.245      	-0.173     	5291656.240  	10286162.747 	0.000  	0.11     
250.000   	0.100     	337.540   	145.060   	250.000    	0.261      	-0.179     	5291656.256  	10286162.740 	0.000  	0.12     
260.000   	0.100     	337.540   	155.060   	260.000    	0.277      	-0.186     	5291656.272  	10286162.733 	0.000  	0.12     
270.000   	0.100     	337.540   	165.060   	270.000    	0.293      	-0.193     	5291656.288  	10286162.727 	0.000  	0.12     
280.000   	0.100     	337.540   	175.060   	280.000    	0.310      	-0.199     	5291656.304  	10286162.720 	0.000  	0.12     
290.000   	0.100     	337.540   	185.060   	290.000    	0.326      	-0.206     	5291656.320  	10286162.713 	0.000  	0.13     
300.000   	0.100     	337.540   	195.060   	300.000    	0.342      	-0.213     	5291656.337  	10286162.707 	0.000  	0.13     
310.000   	0.100     	337.540   	205.060   	310.000    	0.358      	-0.219     	5291656.353  	10286162.700 	0.000  	0.13     
320.000   	0.100     	337.540   	215.060   	320.000    	0.374      	-0.226     	5291656.369  	10286162.693 	0.000  	0.14     
330.000   	0.100     	337.540   	225.060   	330.000    	0.390      	-0.233     	5291656.385  	10286162.687 	0.000  	0.14     
340.000   	0.100     	337.540   	235.060   	340.000    	0.406      	-0.239     	5291656.401  	10286162.680 	0.000  	0.14     
350.000   	2.224     	236.371   	245.057   	349.997    	0.307      	-0.404     	5291656.302  	10286162.515 	6.736  	0.32     
360.000   	4.468     	235.112   	255.039   	359.979    	-0.023     	-0.885     	5291655.971  	10286162.034 	6.736  	0.87     
370.000   	6.713     	234.694   	264.991   	369.931    	-0.584     	-1.682     	5291655.411  	10286161.237 	6.736  	1.77     
380.000   	8.958     	234.485   	274.897   	379.837    	-1.374     	-2.793     	5291654.621  	10286160.127 	6.736  	3.03     
390.000   	11.203    	234.359   	284.742   	389.682    	-2.393     	-4.216     	5291653.602  	10286158.703 	6.736  	4.65     
400.000   	13.448    	234.275   	294.511   	399.451    	-3.638     	-5.950     	5291652.357  	10286156.970 	6.736  	6.62     
410.000   	15.693    	234.214   	304.189   	409.129    	-5.108     	-7.991     	5291650.887  	10286154.928 	6.736  	8.94     
420.000   	17.938    	234.168   	313.761   	418.701    	-6.800     	-10.337    	5291649.195  	10286152.582 	6.736  	11.61    
421.960   	18.378    	234.161   	315.623   	420.563    	-7.158     	-10.832    	5291648.837  	10286152.087 	6.735  	12.18    
422.466   	18.378    	234.161   	316.103   	421.043    	-7.251     	-10.961    	5291648.743  	10286151.958 	0.000  	12.32    
430.000   	19.960    	236.500   	323.219   	428.159    	-8.657     	-12.997    	5291647.338  	10286149.923 	7.000  	14.62    
440.000   	22.099    	239.102   	332.553   	437.493    	-10.565    	-16.034    	5291645.430  	10286146.885 	7.000  	18.02    
450.000   	24.272    	241.263   	341.745   	446.685    	-12.519    	-19.451    	5291643.476  	10286143.468 	7.000  	21.79    
460.000   	26.471    	243.086   	350.780   	455.720    	-14.517    	-23.241    	5291641.478  	10286139.678 	7.000  	25.93    
470.000   	28.690    	244.647   	359.643   	464.583    	-16.553    	-27.398    	5291639.441  	10286135.521 	7.000  	30.44    
480.000   	30.924    	246.001   	368.320   	473.260    	-18.627    	-31.915    	5291637.368  	10286131.004 	7.000  	35.31    
490.000   	33.171    	247.190   	376.796   	481.736    	-20.733    	-36.785    	5291635.262  	10286126.134 	7.000  	40.53    
500.000   	35.427    	248.243   	385.056   	489.996    	-22.868    	-41.999    	5291633.127  	10286120.920 	7.000  	46.10    
510.000   	37.692    	249.185   	393.088   	498.028    	-25.029    	-47.550    	5291630.966  	10286115.370 	7.000  	51.99    
520.000   	39.964    	250.036   	400.878   	505.818    	-27.212    	-53.427    	5291628.783  	10286109.493 	7.000  	58.21    
530.000   	42.241    	250.810   	408.413   	513.353    	-29.413    	-59.620    	5291626.581  	10286103.299 	7.000  	64.74    
540.000   	44.523    	251.518   	415.680   	520.620    	-31.630    	-66.121    	5291624.365  	10286096.798 	7.000  	71.58    
550.000   	46.809    	252.172   	422.668   	527.608    	-33.858    	-72.917    	5291622.137  	10286090.002 	7.000  	78.70    
560.000   	49.098    	252.778   	429.365   	534.305    	-36.093    	-79.998    	5291619.902  	10286082.921 	7.000  	86.11    
570.000   	51.391    	253.344   	435.760   	540.700    	-38.332    	-87.352    	5291617.663  	10286075.567 	7.000  	93.78    
580.000   	53.686    	253.874   	441.842   	546.782    	-40.571    	-94.967    	5291615.423  	10286067.952 	7.000  	101.70   
590.000   	55.983    	254.374   	447.601   	552.541    	-42.807    	-102.830   	5291613.188  	10286060.090 	7.000  	109.87   
600.000   	58.282    	254.848   	453.027   	557.967    	-45.035    	-110.927   	5291610.959  	10286051.992 	7.000  	118.26   
610.000   	60.583    	255.299   	458.113   	563.053    	-47.253    	-119.247   	5291608.742  	10286043.673 	7.000  	126.86   
620.000   	62.886    	255.730   	462.848   	567.788    	-49.455    	-127.774   	5291606.540  	10286035.145 	7.000  	135.67   
630.000   	65.189    	256.143   	467.226   	572.166    	-51.639    	-136.495   	5291604.355  	10286026.425 	7.000  	144.66   
640.000   	67.494    	256.542   	471.238   	576.178    	-53.802    	-145.395   	5291602.193  	10286017.525 	7.000  	153.82   
650.000   	69.799    	256.927   	474.879   	579.819    	-55.939    	-154.459   	5291600.056  	10286008.460 	7.000  	163.13   
660.000   	72.106    	257.301   	478.142   	583.082    	-58.046    	-163.673   	5291597.949  	10285999.246 	7.000  	172.58   
670.000   	74.413    	257.665   	481.023   	585.963    	-60.121    	-173.021   	5291595.874  	10285989.899 	7.000  	182.16   
680.000   	76.720    	258.022   	483.515   	588.455    	-62.160    	-182.487   	5291593.834  	10285980.432 	7.000  	191.84   
690.000   	79.029    	258.371   	485.615   	590.555    	-64.160    	-192.057   	5291591.835  	10285970.862 	7.000  	201.61   
700.000   	81.337    	258.716   	487.320   	592.260    	-66.117    	-201.714   	5291589.878  	10285961.206 	7.000  	211.46   
710.000   	83.646    	259.056   	488.627   	593.567    	-68.028    	-211.441   	5291587.967  	10285951.478 	7.000  	221.37   
720.000   	85.955    	259.393   	489.533   	594.473    	-69.890    	-221.224   	5291586.105  	10285941.696 	7.000  	231.32   
728.855   	88.000    	259.689   	490.000   	594.940    	-71.495    	-229.919   	5291584.500  	10285933.000 	7.000  	240.15   
730.000   	88.020    	259.689   	490.040   	594.980    	-71.700    	-231.045   	5291584.295  	10285931.874 	0.524  	241.29   
740.000   	88.194    	259.689   	490.370   	595.310    	-73.488    	-240.878   	5291582.506  	10285922.041 	0.524  	251.28   
750.000   	88.369    	259.689   	490.670   	595.610    	-75.277    	-250.712   	5291580.717  	10285912.207 	0.524  	261.26   
760.000   	88.544    	259.689   	490.939   	595.879    	-77.067    	-260.547   	5291578.928  	10285902.372 	0.524  	271.24   
770.000   	88.718    	259.690   	491.178   	596.118    	-78.856    	-270.383   	5291577.139  	10285892.537 	0.524  	281.23   
780.000   	88.893    	259.690   	491.387   	596.327    	-80.645    	-280.219   	5291575.349  	10285882.700 	0.524  	291.21   
790.000   	89.067    	259.690   	491.565   	596.505    	-82.435    	-290.056   	5291573.560  	10285872.863 	0.524  	301.20   
800.000   	89.242    	259.690   	491.712   	596.652    	-84.224    	-299.894   	5291571.770  	10285863.026 	0.524  	311.19   
810.000   	89.416    	259.690   	491.830   	596.770    	-86.014    	-309.731   	5291569.981  	10285853.188 	0.524  	321.17   
820.000   	89.591    	259.690   	491.916   	596.856    	-87.804    	-319.570   	5291568.191  	10285843.350 	0.524  	331.16   
830.000   	89.765    	259.690   	491.972   	596.912    	-89.594    	-329.408   	5291566.401  	10285833.511 	0.524  	341.15   
840.000   	89.940    	259.690   	491.998   	596.938    	-91.383    	-339.246   	5291564.611  	10285823.673 	0.524  	351.14   
843.458   	90.000    	259.690   	492.000   	596.940    	-92.002    	-342.649   	5291563.993  	10285820.270 	0.524  	354.59   
850.000   	90.000    	259.690   	492.000   	596.940    	-93.173    	-349.085   	5291562.822  	10285813.834 	0.000  	361.13   
860.000   	90.000    	259.690   	492.000   	596.940    	-94.963    	-358.924   	5291561.032  	10285803.996 	0.000  	371.11   
870.000   	90.000    	259.690   	492.000   	596.940    	-96.753    	-368.762   	5291559.242  	10285794.157 	0.000  	381.10   
880.000   	90.000    	259.690   	492.000   	596.940    	-98.542    	-378.601   	5291557.453  	10285784.319 	0.000  	391.09   
890.000   	90.000    	259.690   	492.000   	596.940    	-100.332   	-388.439   	5291555.663  	10285774.480 	0.000  	401.08   
900.000   	90.000    	259.690   	492.000   	596.940    	-102.122   	-398.278   	5291553.873  	10285764.642 	0.000  	411.06   
910.000   	90.000    	259.690   	492.000   	596.940    	-103.911   	-408.116   	5291552.083  	10285754.803 	0.000  	421.05   
920.000   	90.000    	259.690   	492.000   	596.940    	-105.701   	-417.955   	5291550.294  	10285744.965 	0.000  	431.04   
930.000   	90.000    	259.690   	492.000   	596.940    	-107.491   	-427.793   	5291548.504  	10285735.126 	0.000  	441.03   
940.000   	90.000    	259.690   	492.000   	596.940    	-109.281   	-437.632   	5291546.714  	10285725.287 	0.000  	451.02   
950.000   	90.000    	259.690   	492.000   	596.940    	-111.070   	-447.470   	5291544.924  	10285715.449 	0.000  	461.00   
960.000   	90.000    	259.690   	492.000   	596.940    	-112.860   	-457.309   	5291543.135  	10285705.610 	0.000  	470.99   
970.000   	90.000    	259.690   	492.000   	596.940    	-114.650   	-467.147   	5291541.345  	10285695.772 	0.000  	480.98   
980.000   	90.000    	259.690   	492.000   	596.940    	-116.440   	-476.986   	5291539.555  	10285685.933 	0.000  	490.97   
990.000   	90.000    	259.690   	492.000   	596.940    	-118.229   	-486.825   	5291537.765  	10285676.095 	0.000  	500.95   
1000.000  	90.000    	259.690   	492.000   	596.940    	-120.019   	-496.663   	5291535.976  	10285666.256 	0.000  	510.94   
1010.000  	90.000    	259.690   	492.000   	596.940    	-121.809   	-506.502   	5291534.186  	10285656.418 	0.000  	520.93   
1020.000  	90.000    	259.690   	492.000   	596.940    	-123.599   	-516.340   	5291532.396  	10285646.579 	0.000  	530.92   
1030.000  	90.000    	259.690   	492.000   	596.940    	-125.388   	-526.179   	5291530.606  	10285636.741 	0.000  	540.91   
1040.000  	90.000    	259.690   	492.000   	596.940    	-127.178   	-536.017   	5291528.817  	10285626.902 	0.000  	550.89   
1050.000  	90.000    	259.690   	492.000   	596.940    	-128.968   	-545.856   	5291527.027  	10285617.064 	0.000  	560.88   
1060.000  	90.000    	259.690   	492.000   	596.940    	-130.758   	-555.694   	5291525.237  	10285607.225 	0.000  	570.87   
1070.000  	90.000    	259.690   	492.000   	596.940    	-132.547   	-565.533   	5291523.447  	10285597.386 	0.000  	580.86   
1079.745  	90.000    	259.690   	492.000   	596.940    	-134.291   	-575.120   	5291521.703  	10285587.799 	0.000  	590.59   
1080.000  	90.000    	259.690   	492.000   	596.940    	-134.337   	-575.371   	5291521.658  	10285587.548 	0.000  	590.85   
1081.670  	90.000    	259.690   	492.000   	596.940    	-134.636   	-577.014   	5291521.359  	10285585.905 	0.000  	592.51   
